19157
20931
23656
3018
6497
15535
10827
10286
32165
1625
5319
8567
11238
36735
11509
9183
38580
19477
37938
35567
26958
34232
11075
4584
247
4494
23454
20709
6835
15411
25510
21071
7173
8080
16342
19567
3170
36618
14459
39969
38176
4180
15121
1517
5892
13780
3819
16348
942
12550
4118
39849
17307
26416
16703
11391
584
12061
21397
2937
13292
34047
28966
29890
18921
30725
5063
21207
18322
36960
12315
26567
525
661
18821
4168
15187
2237
38741
159
3996
3914
7006
32297
8020
18152
33099
19947
14320
1788
11719
7771
3046
30113
27009
11452
27843
24386
34922
32664
12140
18537
8048
18000
2325
17093
34190
8090
15879
29034
28658
36366
31371
161
32460
32387
30868
10494
17729
20992
21508
30594
29101
38903
7684
37180
38319
28238
35507
6826
25161
39643
5717
20553
14710
35434
31678
17349
26159
7393
36119
33025
39065
37942
4075
29261
28908
32486
35051
32014
28399
21266
39588
16950
8815
1485
23009
20669
33937
19000
15703
390
7067
6406
4725
39055
36726
18488
26699
27609
22121
23478
3373
7914
32994
17016
22040
32835
17897
11077
3646
7509
39700
37467
26223
4916
35141
30349
37330
19054
11991
38306
23690
17997
1161
22240
32147
15657
26363
6201
27607
31321
13223
14571
19070
22490
21977
639
32447
13519
7741
27320
10343
22328
38922
37754
19732
37408
8961
6652
18032
17098
35576
25104
21098
23114
25190
30395
2622
14383
16229
24315
4370
30490
3131
13012
31816
33075
4794
21685
19176
25564
28603
20184
35756
37876
6685
36668
25248
6277
3947
30091
29360
11606
26058
1147
17377
4361
18276
718
31915
2660
14161
36306
33604
6899
31904
760
10695
10196
38557
28507
19679
37975
29574
30739
27791
25063
2254
21727
3663
33223
20443
31015
5691
27400
24880
25667
32732
3500
9405
643
39839
17732
508
1400
6082
38849
32134
21536
8115
35312
11341
25875
25137
32728
9877
31188
31302
6619
1016
27440
39156
24007
20292
24544
5876
4125
6595
8547
6413
11218
29060
21564
22667
2495
38258
4863
25731
13929
33538
13616
37666
38417
9693
23351
3840
17069
28567
15423
28969
1336
34625
28571
9814
13622
21444
26550
36795
18037
8032
11437
6841
22715
32423
18550
23543
28787
18778
39067
17424
35241
12794
17418
33658
4251
29401
3394
25132
1235
28786
10061
14254
23159
23799
4012
19928
21793
12824
7187
10304
12565
32535
34646
21877
17446
27496
5164
4624
29664
21768
11835
21914
21351
8555
4500
16953
22569
10761
33263
29728
37760
28754
31267
32525
9873
33884
2150
26885
24671
10475
22278
37619
871
26099
13927
10649
12909
7228
17094
27982
15758
33692
12313
37239
26651
13132
17131
36052
14768
20972
16891
27096
6080
36152
34959
26262
36287
13944
19470
38466
18117
22088
6903
9684
7744
3867
4941
29798
32485
2409
28522
17673
17624
36917
3165
19967
37475
19391
37936
15499
4031
1620
20534
13096
2182
33380
167
7600
13135
964
20831
33087
18940
19548
3658
30073
33405
30733
4355
10107
29217
18820
28186
21981
14532
1077
9165
31713
39096
27789
26857
3669
4463
18928
15595
8865
22270
32383
23033
988
31057
36884
3460
23058
12194
24850
39046
25488
3929
18660
34941
2649
18406
9907
3715
1921
25536
6439
2490
1885
3901
29471
10855
9217
8982
14603
5557
9356
20929
5975
33854
10312
5921
39735
14919
24804
3514
377
14533
21807
17188
34288
6219
31228
37231
14649
12261
17549
9666
15472
14795
35717
27174
1803
14622
38626
35764
32079
23004
18974
8627
7585
14143
4756
38831
10405
3933
19617
18360
4675
18770
1385
27408
29103
35778
8069
14656
10758
16846
7649
12433
31027
34973
29117
7134
4576
39400
27804
6376
23297
26347
30513
29503
10546
20991
4684
36444
38544
31575
38021
33790
30523
27015
23145
1743
39323
5241
9078
22348
2546
18745
13642
23587
34221
6961
32512
15824
19792
4541
15090
3080
29155
6502
38102
15406
39476
11291
32736
28950
35263
5985
4583
6452
36773
27959
21175
31606
37402
35179
25833
31954
10785
25559
30400
16690
27301
19171
23754
31301
12271
29161
35776
21667
6698
7245
30838
9141
29429
28862
9876
19957
25498
20107
1265
7024
7337
30246
1725
2423
30015
36819
25966
13405
8669
37203
30927
33591
34035
11746
31857
32200
12770
32140
13984
16321
33871
39780
34075
5624
12379
14182
8809
18776
2243
22627
7858
7211
17082
39813
15725
39312
20833
18651
22575
30990
26592
32060
2931
22322
18080
26260
17529
26401
6322
16415
6418
22626
20732
1752
5065
16473
12143
34700
10306
16855
33941
18624
14818
28254
28586
20150
28368
5669
7028
20582
34837
8648
22762
19409
9155
9260
21066
16976
27773
12661
9785
31768
25974
1550
38997
27254
22933
36307
13895
11488
19996
16644
9105
1833
10922
18950
20390
3981
24903
754
37213
20734
32557
5124
33684
27438
4213
31550
5095
28775
32957
25064
14844
4455
20364
35824
20483
31910
33262
33427
21524
22306
34053
4483
32308
14431
11267
27307
2073
31123
36517
38322
19303
33284
20141
837
5378
35458
28014
27300
39822
32437
2227
6103
29944
32804
19773
26987
25586
36836
26237
28580
33792
39869
18613
35090
17641
6178
28724
34791
20396
18841
36857
15645
13787
3086
38699
10994
2627
5436
18947
16147
19154
32212
4777
567
9242
4810
34808
23407
20352
25670
22116
21672
21063
28848
20973
30979
28874
4291
14878
1699
527
38952
33328
21134
29964
8382
11148
22814
11219
35733
13715
17704
28124
27039
12147
29111
6445
3770
37990
16655
1179
4164
17346
28665
24079
14918
32618
2357
24618
29447
8545
14258
27954
17203
23606
9937
36181
23333
33172
33443
36190
7887
31445
11270
14711
23621
27780
25407
23891
3798
25402
28437
29845
21958
26010
7053
25904
17971
1080
38894
9381
28645
8304
4567
26914
6454
32518
10378
16437
17222
11116
26829
29051
19496
36592
12569
31631
12546
19781
38895
23120
36963
17280
19427
16155
23368
23793
32649
14974
36736
32677
7884
7435
10116
24681
22602
19301
4390
33030
16101
16967
35792
33921
31349
37570
35227
23537
7802
1243
31115
22905
30672
10533
38468
14319
29676
12728
24820
23933
28131
7197
11905
23739
19736
4789
23865
23724
16737
4183
18648
35197
16786
24028
7865
16814
17429
934
1353
38441
20038
9757
30377
33807
33159
37208
38055
8144
32687
25839
29211
17540
5214
22299
11315
10198
16963
28376
2629
2144
13206
33614
12101
4349
17208
39595
1415
2737
20955
20526
3175
10478
5358
3483
32599
23173
7363
37783
12935
1220
17301
32344
20251
18345
12024
18390
36031
7436
11117
19084
36503
3925
18385
9115
29530
29076
5920
28090
9163
24803
26884
2531
37321
20571
36514
31970
32851
28184
23211
3532
22158
3177
2138
3530
39858
8881
4924
5682
15263
35399
28756
18774
8663
38816
968
26728
6761
39801
33819
39341
3317
36425
218
30493
9605
4745
35226
38791
22690
37411
830
15799
28386
29080
10290
16908
5380
10551
12193
26081
30736
1549
7302
35334
4849
3298
2140
35497
13190
25254
722
39182
18920
37259
36096
21212
22668
11853
25799
35178
5701
16767
33330
2246
17335
32350
19102
23115
2442
7555
36961
38833
21046
7642
20340
11128
8092
11140
36698
1636
7906
26297
1592
20776
17618
9181
12737
15158
21527
16438
175
4083
2110
3146
38532
5475
6554
16816
11006
1354
34846
37201
3471
18793
30754
7932
31900
5696
20112
5365
838
9081
7651
20221
13754
12844
33837
3937
6352
30882
16199
15344
29866
25369
32510
15366
36761
3580
38725
3759
29373
18525
28605
10813
8113
28397
5678
12208
9150
10621
9943
7289
37792
31345
35774
37784
26916
38244
38961
28112
21322
7330
26245
34520
15309
32989
2009
18522
31054
9273
36461
16425
12270
3196
23791
17112
15801
1526
29262
2180
9160
37012
12943
19577
30229
25230
27534
6684
28639
5708
15481
32575
26338
36727
19007
20909
21875
2926
11042
8575
203
16082
4944
12870
35359
22268
10752
6669
38181
15086
38761
19058
9803
34995
17152
10150
11303
33250
11000
11135
16928
30360
38265
29814
17457
28025
13724
3476
12443
36386
20202
14900
30547
15461
14822
36582
14461
25433
26826
23666
6616
27584
39592
7058
33677
23377
1348
28227
27333
4503
33420
4182
20010
31726
13633
4749
29790
28474
29309
1460
38813
272
38458
26545
19618
15428
21293
33461
34831
36322
39638
7219
33014
36398
15122
19931
17353
28431
28143
7586
1754
15699
13159
26018
3020
21132
7628
19742
15860
31584
34606
15980
35237
23774
36597
4424
11119
24754
16456
3311
6100
9866
17115
3932
30397
10339
23683
847
10055
26741
32184
36032
23216
39791
12934
1032
2711
32017
8617
10838
11574
20736
19348
30115
8793
36191
2533
35420
6507
36443
26514
1159
37090
24817
16661
21644
39827
10854
37958
14968
31912
39467
35906
36249
5196
33201
2636
3810
31423
29990
13314
16454
25657
15445
7336
7720
15238
14765
9818
1096
1890
9354
16029
34352
28471
35023
36341
21416
31583
35512
27555
998
14194
6506
7397
6958
36316
36324
36317
28843
30065
36196
18733
26740
7455
32440
26012
17452
27774
36585
802
31698
13753
21019
15664
22560
38136
11979
30327
27351
34198
36903
9200
2327
31516
16139
39830
17254
29945
24946
14470
35070
24678
18060
27542
12211
933
10925
34069
34553
27279
25797
33842
25288
36265
13919
31650
31199
12121
30211
2405
28880
4718
1758
13409
35626
3725
17753
14734
6969
2874
33386
29006
20104
32647
27792
13846
23459
25891
32052
13102
27060
34050
24773
9252
16998
2430
23332
34374
30869
13548
38801
4449
26132
8164
15060
11892
15715
34872
32099
38756
11947
20417
39324
14652
34742
20876
17397
29910
19322
6000
3699
14210
23886
24502
22588
37507
15064
37031
29792
13082
3443
37226
25245
30194
10426
28673
25611
796
9775
34291
2896
2356
38508
35415
20337
18887
39785
855
1656
36608
5373
3599
16153
8742
36496
13171
26543
28113
26555
9670
29419
1598
4132
6456
7278
15700
37480
23925
6964
22577
29783
18617
4893
13083
3488
27901
25549
12360
32125
33247
24381
34323
10738
8899
20675
19765
22799
28216
33632
740
1755
2306
25419
8612
31530
22883
24659
35210
17387
24905
7871
21142
2112
17403
21873
36768
20314
20555
31761
18046
30789
5017
33896
35353
24758
1772
11144
13524
39985
23841
26184
14350
33161
2933
34340
22039
18246
27274
2020
19941
37597
14526
27681
32467
33041
16297
11908
25547
37394
33545
15646
21539
29354
35601
1323
12572
12522
17534
25915
24260
7285
5325
38438
2740
39729
24546
28917
17725
4103
22208
9994
33569
14936
17721
11487
2727
10069
3707
24155
15785
514
35066
5572
37569
25953
2217
11018
5195
9805
21757
12127
23024
27432
17915
9729
35124
5253
26858
36948
22685
2682
3848
28911
7716
19347
36035
15539
35814
37723
34472
38020
11241
15116
1012
35198
10778
1239
165
10833
23431
34607
30668
1209
37928
6674
38330
4269
11824
20756
18010
9527
24515
23021
36291
30040
24177
26155
24514
221
4763
35247
10021
7075
35367
9080
7290
9486
39204
37638
21886
28640
32540
7142
13342
9656
5524
35805
2473
26938
18979
3462
11763
27567
16009
39264
36395
37933
20799
12093
23806
10751
35150
33726
27278
6188
39979
39175
7200
5430
27655
33251
549
35291
10923
16527
10599
34924
36630
9834
4065
28465
121
34909
8168
14793
9760
31641
13131
230
33218
8103
2032
19508
7085
33546
14971
8760
12504
7128
34586
3296
29195
9434
13656
3604
15491
38978
34424
29426
20943
5105
35201
27306
20318
29496
19021
13775
22945
9957
22203
30252
18115
16066
20304
33956
24123
20186
9060
22283
23265
21690
24787
20873
13750
20700
13312
28542
31744
20122
23218
34658
23247
38687
4591
11791
24148
10605
35859
6372
20334
14179
17313
12660
25530
30617
1530
20385
38254
25409
9338
20414
11332
20477
30567
28311
11577
10585
21431
23421
33460
33191
23704
24479
12064
10496
3539
18839
21409
16872
20198
32778
7299
21327
17558
8312
29504
11190
37916
39978
22987
35460
2880
14542
25467
29094
29759
28096
30421
28192
22728
9104
12181
6490
6676
213
7096
26913
25928
15732
16231
2003
32226
29557
23574
6815
10406
10432
39804
7962
16164
485
28693
35081
2872
10528
12314
33979
5759
38266
1584
5928
29054
39739
10674
39405
25501
9465
6254
15164
18709
9498
19443
3118
3802
5341
12791
9408
21759
12013
26275
35188
15449
35249
26362
3884
13039
1976
38707
29702
37776
34074
36421
5702
36859
19159
20084
25317
7709
27399
24071
6702
26443
19677
30817
16018
32439
8991
21707
8490
38358
36723
6634
38368
6202
8709
25371
39731
29663
31603
4223
18449
26614
28704
28554
16777
35958
37050
39589
9416
2976
7234
31039
30576
15176
39227
10424
16929
13560
39226
21851
39599
18767
22463
38620
38210
2905
5947
35407
22894
34905
6152
4216
36276
39158
23625
36979
2242
26298
20793
25734
25606
17524
13445
16502
32787
26086
1799
24239
20322
18034
23374
8611
24526
34611
34580
24229
12786
9911
28988
34023
5311
28761
26601
32843
16284
29197
38383
11861
30561
33194
4196
22739
8241
37429
16533
6966
12581
13545
831
34181
30085
8586
4000
30001
20727
27386
9513
23030
20599
20968
4120
16926
29986
1453
28622
9917
12316
25165
37804
13247
17106
26453
18215
4538
11253
7320
33653
5327
14442
37805
10032
29125
32688
8876
13802
19889
5336
11770
1320
6232
34566
14905
27591
28354
20647
35315
13972
4686
24841
37941
5206
17508
13797
8006
33627
31719
10586
13722
31559
2656
11952
20154
30449
30168
26479
3121
29130
10517
18847
2077
9691
25671
9852
28463
5844
25984
24548
18171
22367
21481
28602
33387
23813
12718
22320
20782
24774
12955
19705
21565
1295
8613
35265
33335
21671
39916
25068
35305
34308
1361
2078
11521
29087
15287
10921
71
11284
33826
16783
3818
17636
20344
28487
34841
15653
38830
30310
12266
38878
6626
28832
16539
28179
33107
2137
33695
1928
27340
292
15422
36573
22570
35639
19782
37470
4612
27923
19953
8900
24749
4637
32768
27460
1465
7667
4761
2358
9627
16557
3756
3682
24032
23062
10246
16246
26387
28414
29889
12555
31995
23927
30361
10395
37407
23416
575
21238
36067
14503
38505
14813
26205
12117
26660
29258
37170
24531
36229
11458
39148
17821
39325
37971
10584
29157
14184
8395
5394
11634
14274
10565
28505
2043
15922
10052
14781
34113
11028
25810
3341
22362
32813
9769
15652
612
5268
22410
18562
35445
24166
21223
14713
2539
19664
20357
3286
28159
26541
22984
5887
22456
22379
32730
31685
5820
29288
4961
22926
28003
651
27992
2165
33787
3345
30637
28349
14270
18811
36178
29843
35832
39711
4683
31913
11827
9196
19839
8639
7736
30752
15519
19061
30808
10169
18044
34369
37487
5970
20658
25785
18515
2280
30835
28550
27212
31374
1019
5916
28429
7556
14079
9510
18251
24700
39520
5367
8771
33357
6450
6069
6155
31051
3335
28933
18491
21468
7860
30318
14305
5812
21915
18316
7634
13461
2658
16133
18559
21934
22783
39249
4820
23612
3740
7910
24581
5733
7630
32197
8953
34733
12217
18779
37588
24390
20157
16839
37935
17824
35298
35934
34427
33612
13810
29842
242
24818
35270
30330
1947
13303
15003
3769
19951
23379
27359
7772
1846
5658
7306
14949
8417
34211
6200
24361
34811
22154
5499
6093
37777
6606
25593
3428
22127
27133
25773
3307
4141
18511
20289
26160
34065
29595
21586
17631
4480
19724
29313
23769
20828
30328
25857
9996
19977
18752
12167
30066
10880
30890
39344
36148
25092
10682
15069
29683
5732
37623
4049
36816
13501
15144
27619
7538
15242
258
21015
38646
21906
31308
16135
17298
39433
22847
10444
3944
27052
31731
7633
15847
36824
32905
38839
39888
11026
735
14343
24588
20567
15307
38255
4587
25376
33704
15572
25943
14256
2193
11973
16143
32457
39778
23068
5907
1937
26584
10807
33290
18935
13647
27842
37334
33457
18510
19191
37252
15315
1925
31273
17363
13837
21112
15704
4601
32636
21766
19125
4037
11832
29009
8720
4383
28683
3346
9438
3983
31899
11722
37769
18570
20885
35661
11076
20021
805
13114
25179
17718
507
16988
9501
23689
1131
23600
36349
7418
38875
29365
16058
21280
10592
25783
3361
3254
30822
27169
4237
8820
22842
4532
30208
38373
4496
10850
7742
15620
19689
4589
24369
8405
15964
18973
2567
13451
21521
5135
23358
33688
31214
1927
12599
423
39295
20530
30788
39354
27379
37215
34535
17811
5881
36121
14993
9171
21552
23260
21999
9446
7041
2418
24244
35369
37230
15044
39194
8023
32850
35912
26874
31153
31088
38472
38537
15107
20416
26087
1233
31842
13468
5611
29737
14341
9449
31870
1862
1105
18747
21194
30847
7844
35421
29564
7845
21814
1328
17581
32108
24283
11755
3829
10155
25614
327
24719
37663
26321
30112
15846
5889
3830
15222
23507
26335
30531
7971
25751
34555
34734
8038
15688
26487
15782
1331
7198
34847
204
5822
2732
38447
23635
25258
6651
6572
11735
36658
5740
35948
17786
16340
19837
6649
35673
5318
19832
8701
18054
25859
9711
34816
1299
35635
19405
14202
28810
36958
5503
37533
5137
920
23890
18088
38313
23988
12429
39564
6588
889
4673
34678
34131
20886
33323
39826
33163
26850
15571
28361
24757
13416
1657
14046
26054
39023
26633
10333
26240
14679
11351
14112
27764
2728
33784
7252
37319
8031
20331
10382
24098
14053
112
24141
7925
17595
11554
18093
39235
20953
29099
19554
11709
3263
9823
39641
18561
31874
26513
9645
13317
20363
27164
32868
17887
21308
34254
39307
31814
25492
2279
8061
28834
922
14176
7055
34954
38442
26788
31341
10703
14462
5427
8996
10709
24377
5217
17427
34158
3519
11101
5127
12300
88
5808
39039
1214
15744
631
39399
4914
31140
29400
12741
21469
14125
36932
19248
18409
36248
9980
25201
19242
15487
3295
16084
16288
9093
4529
23685
4537
39223
20551
32722
1
1623
31098
8531
27209
572
5240
19692
29453
38610
28931
27841
29899
10580
38889
30845
4088
18983
27263
11131
38775
14824
17340
29086
6533
1987
8306
24677
23766
24975
24675
10202
28536
30690
30145
24589
4295
36404
23915
26249
35686
5608
18414
31000
1120
19075
22787
18547
4997
37244
25415
33236
23341
3881
27799
9820
2207
23012
28231
29711
18715
10273
24844
29251
35389
21189
30283
28572
30457
1637
38950
16918
33897
36696
32338
29738
27547
19881
39196
2339
15647
27759
5210
23881
23911
13138
22854
7831
11971
13448
37176
24093
28608
38529
27206
12772
9122
5626
29259
25763
36567
27354
22066
6395
2484
8893
13567
29011
14017
27144
4574
23921
18149
16429
6119
30405
24760
32507
34344
26934
22988
30775
3031
14296
30618
12722
16038
33666
10734
23301
14297
6409
36015
36123
15313
3540
18667
13230
15916
5297
10485
16949
20825
1740
38684
8931
33169
25807
26936
37237
37993
5736
1074
27487
18504
21559
37715
32013
20552
9817
39139
17986
16130
34903
8292
11181
35780
12853
16856
1231
10947
30251
18336
39481
39842
1931
38676
3294
14604
38525
6311
832
25043
21220
36864
39757
39384
23371
16924
30054
26666
19966
35564
37537
2701
4800
9790
37770
9696
12050
24366
29432
25836
39130
23061
9739
18
32837
20674
26475
5782
19342
14219
9610
15877
18608
22876
34207
36619
22228
4856
35625
34021
21507
4293
31751
34614
29100
28197
36776
449
34460
18081
5013
38467
37435
2523
35972
5335
9713
34908
34078
5883
23319
26995
15243
20852
9462
11298
3696
23408
10726
7621
30401
5254
31940
39571
23200
32162
4898
26635
3687
24550
16080
17505
39490
33633
32745
3
13076
12941
13228
33608
29039
15258
16334
34224
29827
11614
8550
14374
21615
20219
27192
36297
4091
10747
21534
30190
12802
32430
10914
22164
22624
26536
28646
38909
33209
28541
35569
2924
3370
27817
20412
39983
7583
6060
17566
1973
25760
734
5434
36945
4485
12441
22822
10630
11490
34705
12731
55
34386
16914
20788
482
34159
16159
7097
23253
35008
16551
23667
7174
37732
38155
5697
39961
2820
33118
17471
34384
1750
18934
370
21364
26077
14596
21963
32660
17433
11271
31249
30500
2408
29690
22064
14864
36781
33752
27625
18452
1292
33164
1746
33624
1528
17945
35073
23462
36814
22184
18822
33977
9784
37702
26398
29674
37746
6805
23156
35055
39186
6345
22252
23035
9161
28958
2613
24738
32404
39321
36891
34802
4908
18217
3577
37490
4965
3502
19250
23440
7472
21180
14523
13900
5872
7996
19863
11866
18042
20083
13697
7491
23398
13249
34029
7926
20550
16549
22126
27414
14334
14259
35024
23259
4956
17422
23203
996
18625
8142
38825
37644
24607
10293
39816
11540
5905
20529
13921
25826
15901
4937
36204
31151
32037
9487
38750
38208
28462
10320
20980
9770
37040
4552
32388
36172
37803
14940
10636
29068
23913
29833
20308
13356
8609
27076
20232
19289
25195
6159
17428
1811
32398
23002
17370
14783
29758
24091
28624
36318
35976
19691
16150
30026
16756
20404
36981
351
9350
22999
31699
28129
4067
37668
22031
4752
554
16071
14967
3668
2520
2676
10878
12729
23986
39133
18147
30711
13221
26659
6185
25026
10487
11277
20013
17886
23383
26125
34725
30832
34722
6976
19308
35561
16982
23843
5843
2919
5908
10218
3768
193
29809
20565
1497
18546
23105
17539
32319
14162
21696
30983
37535
26404
15402
3739
32159
20685
37514
3422
38298
7146
13842
14043
35975
30464
29437
28004
6363
13091
29789
12705
16811
10233
1168
11357
38701
37463
17042
36683
15742
3144
19835
8389
14667
7207
36201
1017
17234
11470
36643
18690
23257
24699
22436
35538
19999
15639
18816
22226
3709
25359
2273
891
35698
4224
28205
19106
33707
27098
37251
36467
22673
39973
7683
19009
13122
19933
34686
38046
32402
4988
13344
31031
35162
6701
35530
9821
39374
1267
32354
8476
35095
6457
38237
14473
3679
31219
33511
9718
9322
2542
9450
35223
9430
4515
2164
1065
31116
6296
2775
31310
36140
37589
37114
29510
20920
21988
21182
24894
693
5026
13517
18416
22985
13568
9031
39884
8280
27030
3188
31241
25967
21396
24021
37446
36601
25052
22414
25441
28583
20967
23126
32091
19809
32393
4855
13279
29200
12419
29168
19819
14703
35816
840
32695
2710
37424
29632
10742
8938
31034
32283
32222
32452
39502
4038
19031
15131
9282
31945
18560
33473
25591
20792
1026
30068
16579
859
33002
29509
8388
9806
27247
20607
9202
37505
9362
36495
31524
12377
31161
24076
38284
20077
3993
10143
30682
29881
208
14247
36245
35941
12089
20380
21309
5031
27890
29876
15564
38112
14133
2316
11534
1158
27118
13057
17700
24735
2746
678
14164
17157
36047
16138
1512
38708
1053
22757
19349
7239
24746
10787
31975
7966
13563
37437
1765
4337
3790
22403
3877
33314
36554
4357
20081
9120
8250
32007
25054
62
39210
26324
2040
37582
32795
31832
145
20733
13411
14907
31564
4740
9057
26561
22451
20493
22265
11796
28211
3518
23384
36474
28155
12603
17757
24153
32690
30759
2855
20938
1498
9861
3389
13677
10945
11170
27897
18119
9087
27046
29330
6253
38919
19257
3425
18980
31831
38890
19642
26110
36310
21589
21802
33046
39919
24405
32917
14126
2970
2058
19641
1472
4498
11373
25723
37765
22584
7488
21116
41
32422
17398
39081
20074
16268
11987
22608
8707
11981
10729
28360
671
24967
1866
20451
33945
20309
15261
17224
24036
28382
6441
18356
31790
14930
17679
12914
24653
19
10260
3627
27173
20022
19127
37246
1171
33748
19285
27728
37426
38382
22475
37065
24827
10796
33020
3220
12957
25487
17705
23928
25047
16915
33186
17258
20652
8097
23222
36106
21141
3382
5584
32305
13425
3536
4980
15239
30684
33188
11848
35357
34007
9761
3454
13085
24477
19797
37912
39010
36525
3883
7770
11976
3826
26231
2188
16276
31980
27040
22377
13065
31977
8458
30148
34935
29178
5120
6530
23569
24204
35107
9397
33198
16933
30158
28557
39723
14311
17788
9900
18428
32876
28308
27045
33560
27041
22583
37721
8703
1334
34930
7930
21649
20699
5865
31330
11407
23116
29565
17209
35727
9504
17984
5965
13864
26657
30700
6380
16535
29390
11996
6165
11072
20491
26656
2992
14666
14861
26455
2672
24966
11898
19672
14771
31590
17366
15467
32494
35441
916
8770
20035
10086
9445
6015
6124
14170
33812
32554
18803
39506
11749
26217
14446
1102
38010
6764
37473
21482
29665
68
17358
2591
35675
13112
2064
18992
32307
12951
16123
10669
22652
33694
12348
28655
13586
7378
19086
16896
8327
20426
6847
34208
5276
27862
26647
31801
9792
11280
27361
28835
5527
39676
31787
18977
32231
35969
33847
10598
30279
12756
30897
9153
18676
1058
11759
27341
1864
7372
29857
19210
15339
9819
4927
13631
26049
3908
22157
6919
9528
29162
6733
3458
7225
30331
19115
24767
36973
16575
27055
19534
30070
30092
1196
9966
18075
3967
1211
31274
5370
12483
25921
14759
26102
21594
34432
16270
7550
19876
23819
22046
24422
32860
19220
21261
27593
32701
5517
14620
12621
25210
17924
26558
17163
11604
28996
1995
7626
38140
30840
13174
33580
34830
9561
20486
2397
38384
37794
868
3747
25087
30546
24340
32639
22556
18627
24492
30944
15853
35582
4227
19165
19989
24823
22232
27667
25672
6872
12679
21196
37320
14268
21354
1643
18279
36565
1710
31029
3050
12301
24394
4652
9145
25649
1108
35848
2760
13729
33973
15151
4362
11545
30709
22033
31691
31231
18362
39019
29777
29411
12083
14865
17815
33400
21059
15095
3607
1687
27822
26588
17408
30302
16367
34405
10043
8094
2262
34910
23840
37034
569
29826
25732
4376
36048
3384
26148
18521
12544
635
17153
21935
428
35174
6697
29191
29013
26348
19502
24994
25124
21243
34055
38915
19290
19841
5886
11881
16310
35287
15103
1738
36501
11504
2556
22358
37315
168
32101
603
9436
22936
20209
13854
7118
23223
37717
11638
21406
39099
7514
7253
5976
31946
20319
6081
20270
4899
18387
14434
23615
36357
24539
17756
8507
8908
813
5363
25952
32972
1343
20970
1940
6551
6877
37278
20564
1136
38325
31836
30195
35049
16184
31285
26926
4762
14791
16525
24707
37988
27781
21907
26235
1059
18806
8124
467
32780
33371
15719
29656
31269
22238
35274
20398
7544
31364
8365
16008
16764
23091
17440
13788
14605
38906
34371
35261
24511
4650
16627
9502
8015
34681
23794
20770
36303
34233
25219
32268
241
11683
15045
29329
36235
15623
22000
34680
10823
35668
38669
32286
38930
23034
9505
34949
19825
21514
7989
34348
25906
879
15842
10433
23028
19651
38401
8008
26872
26156
39684
6306
4539
713
23181
21596
9808
4578
37851
24033
22647
17394
17585
182
26089
29782
36237
37032
13850
31610
8121
32785
448
21037
38506
34967
38670
20987
34780
32106
11969
27183
12534
4821
5679
9468
1206
32924
7837
15257
39787
5168
24087
14500
28892
11419
33772
1202
22530
39715
5852
28806
32733
2991
4720
37312
3303
3090
9130
21608
7997
5845
36479
8747
37229
39989
21924
38049
2957
26141
7968
27373
18602
7490
15600
38064
22371
17760
22559
33206
1632
35243
31181
14901
7894
35183
33858
5391
9108
22587
36241
33549
725
33232
18058
23480
663
23190
17359
4787
27204
23835
15766
9960
8836
5912
27107
33582
7721
13203
28798
29912
12999
5294
10788
7044
20653
35662
7984
24403
32910
39378
7783
10716
22073
30543
2501
27801
39417
31318
25620
18528
28919
5980
39866
32614
15736
22282
16328
10825
21611
22221
5084
9437
16060
37307
22434
25569
4871
38612
29778
15969
12754
22524
9604
2891
8979
1349
37181
37314
5540
27242
15302
9003
31447
27933
12610
7767
23505
22644
29528
34197
17625
29719
39423
28928
5938
24910
38271
25769
16028
38517
2200
16394
6025
34116
6170
16987
12536
36053
26079
3408
5271
18300
17221
17241
32990
22263
16371
31855
25716
20684
33586
16279
32533
10860
5485
7217
39232
11702
14377
6313
29768
921
13353
37649
3938
4724
37708
10271
14065
9906
18110
34946
23949
31189
38420
5077
29500
4569
3238
34876
16634
37873
27960
34751
5016
23613
38679
4308
39566
8187
10167
29687
1164
14566
30110
3147
27171
5407
26169
38835
35932
33237
36073
22517
18689
37007
4
25865
8600
24912
30173
38913
19983
33347
22285
6437
5968
9825
29257
25693
29577
11556
23547
32323
24816
9144
30898
26505
31295
13907
28122
23611
2143
33642
23215
39004
5293
26133
20579
10890
13323
13226
20543
10666
3889
11689
2301
430
23495
22102
24810
27523
36792
7265
30578
23335
34633
9704
30792
8821
10176
14629
24150
7358
13582
502
4372
21505
17744
32858
34228
8948
10140
13688
2328
12102
39662
741
8508
9617
2074
21962
24008
6542
26620
9863
34554
27620
24445
4448
24784
1294
29260
36900
7919
24102
3961
32812
9049
27601
22872
6061
15696
30265
36087
27971
35935
14070
32273
11555
37361
23783
22453
24014
7534
18836
16327
8535
19840
19116
1066
10951
35417
19181
20147
17863
11094
39554
10509
29170
18875
27243
36532
21573
32234
28726
37492
12387
11750
19153
13437
8267
33712
11411
22912
20476
31351
33992
7875
28636
17284
1174
6621
17502
34088
957
12920
24874
22099
24628
39001
21237
28167
11362
33589
14361
1495
712
39242
27833
14215
34311
35031
521
15796
19271
2518
9940
25907
6787
18111
9841
9682
4859
8660
21583
25890
720
27941
184
35911
5525
36377
36270
20422
11663
24448
5329
35665
26770
17425
2690
21386
30416
526
29607
25448
18025
39151
10210
33991
29342
28284
16306
13450
36292
27942
24611
6278
32788
22443
13427
5542
18137
31143
9555
18743
38999
38690
34799
3160
38862
32288
13691
29971
26551
32105
38628
3426
30285
21799
18704
4883
33561
11692
27622
18812
728
11155
33719
6617
32945
30628
717
25056
4942
28270
6834
22400
28291
27507
2594
5885
25283
13094
7557
15063
28232
9869
30352
21955
34764
18036
23634
27465
3576
5900
15208
16269
34873
30874
33438
13747
33830
29865
26634
5108
29787
22191
16446
12563
3563
2283
27934
23441
11839
23750
10254
14867
33870
3952
10806
33216
6636
7294
15123
29304
3957
14647
13157
36362
32198
39843
945
23602
8737
4869
36674
29995
20716
13941
7773
37625
11757
23939
7007
4135
32484
20896
6115
39789
5494
9959
15982
28629
15034
25506
18619
2100
2789
21074
30459
7202
4628
16427
10958
21241
31777
23601
21483
7757
953
12463
2355
21932
21581
25099
15240
18781
19316
31011
13010
35588
27629
14301
13992
2318
33978
31368
24050
28110
8646
36504
9084
16731
14426
6217
2554
15597
38678
9523
26654
966
13304
24205
1961
17311
34327
19954
6653
21632
8414
1426
10587
32560
32528
2099
11023
20965
24116
118
20867
31356
34602
35680
30376
33566
1601
21421
30059
21213
23902
35404
35531
15233
15735
27663
12618
2203
30633
33918
36558
11233
4281
3218
23187
34993
24939
2606
6471
34108
28390
26776
7042
1238
28483
28851
26714
2751
7506
16332
18228
11486
30683
38186
17477
37893
36038
34639
2349
23212
22251
13790
22105
30877
15377
10745
22655
16189
37743
26116
27207
10542
18039
37372
13192
17381
14860
34038
15852
33368
37003
5668
37718
29090
7508
3494
2765
30616
9043
26192
12280
27891
12758
14076
6284
33524
4486
18261
35983
23229
16062
33147
7415
1881
11199
37500
21776
33950
15760
26267
1717
2096
34185
10133
6597
9038
13297
6192
10353
22119
23655
14206
17895
3243
37841
24307
10928
15048
1782
29647
1735
28948
21735
38389
35114
38522
12228
23680
17881
23863
6102
11531
37217
14514
9824
6297
5693
20377
8596
35940
24373
38809
17191
39390
21674
10879
11906
24848
4844
35496
32984
39260
13891
30524
17648
18969
19053
9894
23138
13951
28621
29518
34032
15576
32299
12336
17416
1745
5445
39259
25331
5255
23273
14723
24843
28501
34488
29934
7592
1479
6633
5874
29278
35278
38003
18358
697
38846
10710
33987
23487
5112
33059
35255
7618
3788
27947
16683
22041
23160
15126
31355
18369
27343
14659
21267
12952
14609
28114
39613
31164
6820
1739
8554
37199
15748
4513
13795
12497
36161
13777
13368
38542
29238
5244
21733
24540
26944
7851
3466
19323
39850
30409
20004
16298
1640
16097
17314
14556
16216
4543
20164
30035
39974
11728
732
19394
38166
70
22572
39181
22591
10194
10972
29736
4026
13220
7132
35991
26579
34855
33402
9633
21381
19524
15734
14868
28952
18189
26565
31737
31454
32676
13068
2130
2403
10727
36598
17396
32188
38559
7222
10463
9618
25499
11039
4021
30462
3429
23544
21326
30730
33940
10732
11926
39552
25379
30997
37023
7636
13527
22337
19924
13494
16965
39823
20719
38234
3068
13354
9511
19128
3906
11955
19777
36360
36124
10775
5752
26873
4897
33154
3552
19184
31085
1392
28909
31546
7303
3572
2655
5035
38156
11583
23011
6407
18142
32549
29019
5202
14602
23608
25094
6784
9728
31264
20877
5830
4264
38615
19251
15569
39889
19560
29245
7424
8704
18168
33112
8911
3956
31745
25998
3280
24319
12633
35149
6094
21414
8673
30398
858
13569
30823
30870
38941
11299
23972
21996
2401
39800
15104
17463
4595
30061
5655
16809
4579
21957
30715
35769
6813
4315
32863
37903
11910
14059
8783
3674
3815
11659
19972
36182
30755
13769
8415
24536
2715
3844
39248
30041
3655
37798
26306
11623
29713
1191
19138
35676
31263
11527
18219
11276
2647
1963
25142
25474
15523
1050
1484
8125
3217
19506
21987
37257
1557
12095
26851
22199
416
34809
13079
10004
14960
17681
27850
19595
16773
2478
1654
5422
8199
30620
35663
18827
22875
21960
9902
9012
26017
39615
35337
29294
27783
24415
3777
1972
38855
729
7324
36083
1454
27824
4775
5949
1089
14080
19760
17939
17823
19918
27336
33761
15935
32872
17589
28842
37274
23511
14972
14309
29562
30006
23808
835
1125
31306
18255
21662
771
29323
16294
13050
15914
2739
11653
38577
1582
2592
531
19824
10731
37282
22856
3459
26808
35423
32903
26935
28734
39942
14120
32124
6763
23456
23743
2107
21701
19709
37001
25819
29942
9982
35872
13006
7409
37450
20964
24465
2053
11037
25032
25151
34984
1407
21104
16458
4618
36497
31300
7215
35672
12735
24918
3584
3406
12253
20800
1259
7815
5902
5625
32574
7701
8432
13458
37405
412
6848
6283
22803
1809
25629
30727
34916
32921
39471
26095
34296
10655
26295
9830
29410
22991
38497
20527
9669
861
28521
18952
18496
25389
37139
18265
30662
24904
19179
38584
15511
39489
5020
4668
20556
16173
14600
10712
21626
26639
17970
19319
1409
4599
38654
23423
35504
18541
23559
9603
15848
21796
13876
33531
16218
18586
39362
8470
23548
24917
25581
33409
33453
28097
1025
38011
20423
11328
8228
4889
28181
27712
8010
39896
26929
28332
33324
16476
28372
8302
37629
13359
11945
24505
35463
3347
3253
36924
8057
39104
37945
22863
24
21883
11532
36411
4791
22947
30320
13969
14369
31281
34839
19850
1617
15145
21103
12964
18530
22036
35631
18868
11507
8642
29541
38080
26961
3038
25956
17902
18462
24940
37243
37449
9787
12159
30872
35881
8597
18469
31861
5091
39335
12558
31633
7873
11068
30836
7312
23161
13030
8811
548
37943
12378
33559
14899
14715
29877
9284
13672
28965
36757
31468
4258
32301
12173
3207
14810
17836
4304
14269
15873
20882
24943
12396
12766
37453
12790
26900
14589
30471
24615
21369
5891
28946
2426
6632
35222
35736
26955
9851
19861
15642
2417
28764
17597
34412
34785
20243
19621
14779
35134
29937
23226
12821
13004
34947
12230
21306
19962
22197
10885
32818
12706
29776
30922
35186
12275
35580
18274
606
6539
17683
28993
7840
24727
24107
29225
2157
37561
37891
12784
35302
13725
4454
12688
3301
32171
38521
2481
34819
11997
21312
8
30160
37501
7760
8489
14026
21049
20298
1719
11122
11809
10383
23805
20366
23833
4653
7295
19936
34243
34068
3723
12479
35617
7489
23785
30614
17541
2895
302
20099
37342
36165
16509
1959
20751
31665
14077
39770
7559
37290
16566
28084
13166
19193
20995
8081
5356
3816
676
30540
33867
25208
1038
2119
13052
34240
1092
15617
29186
17333
33120
261
33454
2756
18262
6955
15160
30556
397
34010
1776
9492
21285
22204
4207
7836
10012
10219
24338
18108
38404
35882
23576
18335
21198
33220
36937
32266
16860
5772
1911
29180
33874
19758
15807
7012
33254
6467
34980
2050
38852
19775
37738
24616
18720
9727
1884
23239
12203
5001
27837
15761
17439
24602
595
11772
25950
17259
25214
6499
8087
981
24573
15322
8732
37360
34945
30154
13982
33500
15488
6986
32914
30276
14052
25804
15656
37522
18097
4324
971
24795
7286
36266
32857
26715
20819
17665
14999
7708
31869
18494
31004
38926
33640
2819
33853
634
18104
32662
15427
12845
23885
22939
1020
10759
25198
39503
13759
8110
25753
2491
34334
33923
6095
23016
35965
16132
9298
28898
37317
18678
4356
35971
19551
5497
8075
18610
30604
38655
6357
9305
15683
15926
27991
1681
21203
26206
31512
20027
6160
8019
14224
17367
11257
38882
36059
14360
17599
20524
17988
15380
2611
38715
20638
37542
34454
8825
4410
3879
12426
20494
1982
26113
32830
33667
31247
30763
14014
17194
25463
505
15680
31059
8459
34832
21139
15558
18160
21650
20370
11769
4320
29855
26021
12046
27678
10603
22871
931
9801
22681
21247
21731
15008
27308
20011
19277
19828
32542
21882
2930
23108
19964
9977
12877
27184
15603
7575
39765
5927
8683
9032
19930
33936
12631
13273
5219
36319
13801
37939
32466
39656
7823
9686
10931
6989
7190
13908
39034
39863
873
7728
5778
11370
30883
31884
5544
26966
25755
28823
4405
19779
27734
20158
3543
34019
12293
35205
18334
39106
2982
3776
15037
3381
38231
29545
16608
5671
2042
20386
19352
16424
6585
29932
25235
36852
19752
36400
25159
8680
19526
27836
38782
31972
31227
26146
4852
28030
1841
39041
32448
39629
25737
21438
19769
23365
34370
7699
22760
9812
1597
31097
24436
28808
29289
19119
2829
25722
2607
9974
1006
6894
6076
24175
18653
33051
18925
2464
15471
22242
520
18853
38501
38280
38017
25128
29223
10895
2847
37045
35831
20884
10866
14375
4901
13799
13748
36708
30529
27048
39541
28705
16271
17535
20949
27636
35730
24185
13011
19963
23652
22996
12183
4590
28579
27920
25153
30900
29619
19078
31864
16947
24209
7333
36089
38333
32077
33551
22385
20070
36510
322
33334
1834
2861
6999
13371
36575
457
5956
13309
6809
26413
24035
20114
5282
19300
33105
16351
13441
25393
16286
36888
30853
29314
39468
13683
10361
4991
18933
37460
3764
14962
24765
36842
6194
10867
500
24863
38378
12032
17955
24519
23726
20755
7680
23721
16452
35385
24814
36206
10394
20428
20568
29697
34740
26708
11473
6077
26673
12998
32930
10185
7564
2039
29959
30757
33769
39781
34670
20446
5810
16142
12248
16897
15948
31473
23979
12834
27856
14118
4945
33136
27510
28026
30152
18808
21160
28824
6230
29143
3976
12579
39507
31952
2657
22766
38299
22825
21476
7125
23201
6086
32581
26485
36442
10152
8849
36080
24969
7095
25590
26187
34573
12537
36034
24577
31581
2508
910
24321
35933
14727
14836
23990
6026
27514
2603
38153
21457
25320
1356
23789
19649
21467
39282
201
36942
23308
7049
34981
9811
21031
21645
540
18641
10356
7248
21668
2616
38058
20155
39993
37289
14083
7599
20034
39332
1887
1867
20216
24815
11041
8362
23722
19755
27502
20190
36214
22505
30146
32133
30861
33128
16812
21443
10460
6041
16223
12427
10256
13686
29592
27245
18799
35071
19602
35056
11002
8524
20705
33011
7237
29109
16251
6029
2016
9875
30671
30207
30624
27166
271
38573
24393
18703
13048
35749
28881
36290
19297
27557
15989
37284
2604
323
1960
15512
8237
13848
12918
35118
17320
25239
12956
17963
26533
1902
16763
28426
18966
22820
15784
36956
20604
39255
8936
5790
8211
1341
30899
20505
21313
28081
25562
20226
15129
27008
15348
30583
27815
684
29813
2068
19869
20214
38275
10066
10790
15896
38633
17640
8696
23696
17304
28854
29501
24044
9590
18936
18291
17663
12422
20224
25933
27481
2605
18173
39091
29979
39894
4705
19026
39219
14006
36075
38683
25872
18282
5924
25598
25589
10772
32206
22235
20215
9740
5233
34470
1624
3702
39593
19784
30020
21795
4555
8699
26076
32103
26284
28548
37924
33178
23457
5275
17414
31580
32938
704
9248
10311
21264
18670
12708
27626
3418
13272
24068
30680
30388
1988
33146
21622
17775
238
39579
11302
35514
26151
914
7725
34250
36577
24089
5369
9089
8891
31343
30258
28156
30891
18431
13539
800
17509
34300
32225
32491
30563
18604
31453
38881
32214
37210
30731
362
39015
7072
27588
35977
3963
8307
21652
5523
6883
14796
4016
34774
10385
37039
39268
32361
16624
37962
23142
31947
4029
2441
22953
21490
24171
15692
5502
28741
23771
35308
26856
26583
17588
10728
17170
36232
13578
3446
12917
27016
11064
1795
10076
30554
16311
28630
14291
21972
8695
25834
38588
13460
14082
35903
3452
597
16970
30058
13820
28083
14764
9579
39890
37614
11493
25110
14753
10075
21287
3411
4047
146
4568
12432
19003
17195
32191
6517
3832
10084
39768
34797
240
32748
10547
672
31406
28494
23857
6843
36210
6893
22649
11074
4839
34597
38072
18201
33753
5099
2745
24005
14321
29799
6385
11636
12399
26464
5024
32852
30175
22725
23425
5156
14735
27665
30389
8912
25814
23873
30438
26814
21500
17596
24642
22319
5453
12278
29310
3634
9532
38331
39262
6637
2802
6252
15913
13651
5194
17060
36194
15274
36368
6203
33849
21568
32742
31192
39045
6186
38960
30048
11990
20601
36353
38295
14471
764
2075
26144
23199
28561
7528
14614
30945
10524
19744
12179
5163
8440
9933
13904
37567
15448
24266
874
12911
26828
35120
34049
10408
5593
9864
2840
11989
12449
3142
24928
2540
18938
27702
24278
32753
4409
16448
8425
22487
36129
16582
4497
6301
33778
34494
403
30703
25322
22648
162
36877
30841
28737
27676
349
16020
12509
39686
24890
20998
24826
24383
22903
3396
2677
11508
21320
6123
38548
36508
19204
33448
6193
32254
33445
6327
20359
34942
7091
33285
4753
7924
3998
9479
5353
19363
13201
32749
10743
35633
24507
37255
39228
31794
6845
2019
13005
80
17521
23448
33298
27036
7830
14024
33394
34136
26288
31674
10733
17638
27053
19864
34447
7798
34390
14807
9649
7761
355
1845
6744
8442
23175
30281
15373
15631
7542
30484
30287
30473
12262
1904
14260
18205
35575
33860
4755
10804
13406
9036
9482
13506
950
7541
15740
17232
27239
7826
8338
7030
1663
8171
24956
19666
25391
27696
7903
23073
15720
10141
16381
17250
33023
16754
27519
12391
35659
25555
17012
34330
2160
39486
24135
26359
11964
12038
6513
39556
19365
30718
32193
20954
38363
22129
24282
12227
38127
14893
24534
14389
34654
31942
1672
36863
39971
34621
5579
19466
6977
35521
9192
11885
39117
2447
38323
14214
20123
31401
14122
33212
16346
21491
30347
15813
12876
7589
24836
25048
29470
31251
9732
32392
15327
3016
8183
9372
7130
32594
20662
19568
8968
31237
2911
12012
19747
19287
6335
2202
15453
101
56
13262
3348
34411
777
31213
26864
11640
17822
10830
29844
18087
38591
16744
14199
22709
21389
8085
23233
16847
31917
1430
34647
28297
11730
38904
8684
38033
32657
3302
7192
35451
29269
17173
19372
6954
1458
15244
37562
6559
12875
37913
16308
10497
17409
31996
4843
14317
29649
16407
8970
4592
34259
18723
4319
2113
19725
36332
33736
34215
17613
36068
18028
16727
3918
32157
19118
18305
30362
13293
37025
14702
36116
18053
34858
27527
29636
16604
36738
26690
5110
1405
29169
19461
22696
10103
10476
24636
8566
22631
9234
35556
25247
913
25531
25450
3487
18691
13565
14142
13589
14392
4778
31623
29714
26643
8141
4907
24464
1886
27120
3461
3899
26703
4501
25121
21760
14328
11279
39547
26278
27422
8480
29132
3598
3564
8848
35391
25181
39569
8977
19155
23214
36061
36471
14339
8430
1715
31941
9259
23444
24932
2101
25729
29361
25596
18392
23344
22032
21721
11524
33313
28080
10056
36593
33626
10780
10445
10612
12370
31500
30640
39053
4616
10192
26290
28989
24253
33204
27784
31158
4875
39906
19189
29795
2722
4921
19939
5481
11566
27999
5088
18299
34518
2236
24759
28196
11171
33474
32873
6478
943
5306
13974
28355
27347
21012
6729
20958
19473
33617
31820
29481
19239
5646
4566
2664
33516
24195
15924
16360
1784
31548
12138
7567
24557
7921
5828
12667
22691
7669
14952
26457
29597
14849
7537
33607
34879
3849
39788
30256
31862
1822
19447
28538
8411
11340
27094
29359
31354
35341
24929
26854
11286
18490
18946
14973
9634
17944
34379
12408
18631
22316
14111
18893
4250
29882
32284
6534
29096
22719
18697
27264
35657
28721
12562
6538
22424
14748
13516
4392
37097
34834
36975
17415
8427
21246
34600
32878
39954
26005
15469
36000
25695
14838
25372
5870
13347
6066
13453
38500
14105
36117
25049
23787
2090
16765
8802
27363
34366
35552
21666
27582
22457
23336
34426
20889
13351
10990
2973
23985
8143
39006
29895
762
25412
28245
31167
27474
31324
1891
24215
35075
8077
34714
2245
10927
32964
20433
26312
14358
32784
11453
2821
9423
31087
34901
26261
32122
17292
18866
16609
4828
12868
21682
5385
27530
12992
30994
23831
3643
16698
33905
4520
35161
8606
25470
2584
4639
7400
25339
24238
16873
3043
11417
15108
22784
35855
27493
16834
33292
14127
7722
28503
28619
37311
21713
15702
5419
19330
4516
13687
25750
16412
343
24792
33515
4656
30749
35878
26302
21513
33471
11293
33319
7829
10324
3873
8392
31911
25328
15407
38520
39406
34147
11365
31841
2580
6895
14599
1670
35670
11865
2365
11685
38126
22855
17118
1552
1879
30661
32362
10389
34817
16137
32046
33353
39925
36195
25271
32364
11544
35632
834
20768
39447
25319
9602
38642
18829
20602
37185
38285
14674
18998
14590
15783
39960
10451
32861
8157
33306
10042
33938
32348
26122
21289
12242
33475
36579
20257
23800
1487
26319
14981
15226
17293
7355
24934
35050
31527
17804
31834
4560
33986
10000
8073
30655
20960
3809
12838
33764
13454
18064
38238
23070
39829
13649
25605
33535
9002
9646
37389
20358
30677
39101
31457
12886
3297
38600
20467
17007
21916
36050
2368
1291
13945
9815
20915
15331
34359
13744
22601
4623
5472
25215
35703
36394
17085
33437
35338
39040
30551
16623
20207
20354
39939
8687
35689
17816
24977
1535
27077
36685
24232
21817
2869
23707
26722
38267
30804
215
1938
39220
15112
27935
38539
5604
6573
37874
15932
27993
7195
8160
32637
10205
32834
10384
22948
33971
33720
20101
19218
19659
27748
3077
34914
6009
8925
12723
28282
34064
33948
22628
4695
15547
19174
22684
36576
39769
4030
13394
12580
35379
33848
6773
4115
18424
1085
16108
14482
27113
38638
17323
21047
22012
5846
14992
4464
23809
33908
18194
14071
3136
27352
6290
14922
12272
37178
1261
34592
1531
23041
18652
20730
32462
21992
32455
5337
13909
16679
14216
24504
8234
30745
26029
5829
386
6144
10834
21732
28439
16003
15106
38310
23868
28290
39222
29153
17382
6247
30952
39155
11113
21856
32781
35333
3161
25145
9048
5469
39575
6798
17297
11625
38857
24009
32797
14853
2259
11434
11301
28681
32130
12763
24613
32720
25910
12642
35821
18800
21949
32607
31466
26470
1002
2373
22017
24408
17109
24275
21096
5643
17437
16711
26942
7788
2174
18738
34716
10858
3210
19807
19188
12200
29551
20921
25452
35236
9027
18290
25757
38281
25323
28043
4489
29265
17686
38335
29104
16315
20003
36985
2124
3149
39562
12817
33960
252
30747
1905
18126
11322
11857
28157
37904
21658
16411
24124
31571
24302
9978
37768
33364
6904
7231
11369
7439
17460
23359
2958
2780
18505
26272
3240
26680
29820
22840
7493
38948
9464
29707
24293
28472
18587
6180
25057
8071
34473
30697
10093
24119
17257
12075
19786
16136
20554
20624
30876
39483
38752
17328
37021
682
29994
10327
19045
35275
29885
22645
27915
13652
21179
10319
12862
10113
16563
22
19591
31334
2282
8360
23347
28133
24157
35870
35475
17587
35568
8573
35710
9929
37659
106
16843
32622
6618
27816
7027
16612
37422
38986
22704
28508
28939
36628
31510
1391
35837
31044
21433
31238
9850
8981
37297
28595
18212
8668
28684
36953
37741
34569
33636
2747
17022
12662
21829
30518
39132
26429
28331
14282
12462
23309
12539
20842
13492
11879
31805
10915
10688
3690
32538
36611
32053
19444
19532
39013
26830
38815
26618
7377
18850
8672
30368
28551
668
35093
1539
31145
25406
22298
25191
12097
16903
19638
32327
5857
29662
21400
12810
24576
4544
32211
32617
8927
3204
26625
14689
12714
28974
7659
36603
33596
8932
19004
8744
1838
36176
10835
11463
26669
10902
9368
38480
23628
18161
37438
38901
8063
34298
13412
1667
10501
20110
9705
30694
9874
15724
38671
26580
23536
36563
1935
2159
16801
28064
2843
3071
30155
14444
39998
27795
8943
31773
19320
20645
23714
28389
21937
25273
3962
22574
27647
31930
36142
30813
33027
12831
33675
33901
35328
37186
3678
15741
7574
28607
17229
18930
10023
30468
23508
16796
36001
11129
10782
15606
19131
20023
12163
23295
10826
23139
17938
15173
35378
3208
32629
4969
19023
10400
22148
29808
3807
35682
524
24553
23713
33527
25178
34585
266
9799
28878
20858
1969
7913
17934
2376
3265
8548
31425
7792
5157
1293
37822
11120
12839
37735
31183
26473
29727
9804
8829
33270
12464
2797
22911
11232
13996
4518
491
32279
7539
25948
24900
598
7590
13252
3328
32431
10633
29956
8025
8316
8542
37279
6431
31523
2684
31627
33472
6139
22332
10392
4076
39832
38957
12056
6027
3464
19474
4571
4257
21384
32927
10684
33801
32501
29356
7512
28385
19145
35784
757
39763
7373
14797
626
25222
2729
5914
5359
30206
4796
8570
31376
31052
33654
17171
38411
31482
11972
18612
21679
10519
31746
26090
6287
8254
10214
16587
36004
30488
22138
26190
1599
32258
4154
30442
5104
26373
32360
35455
29102
35865
3973
19557
6975
33523
39025
12930
17149
30520
32429
7242
20853
26775
6952
12872
13595
7370
2892
36268
32230
18891
863
16840
11977
18782
37205
13415
10952
36158
7391
33362
4438
26233
22509
13282
34404
29684
10887
21206
20072
31335
27224
33261
17813
10430
15047
435
13755
25979
13579
20616
30988
13464
29148
31591
34874
28076
26177
25633
6683
33754
36115
6611
24689
25253
8934
18263
33316
23728
6876
39927
36898
20406
21592
37157
5295
9962
25835
26969
7457
653
26458
20076
28456
26459
13141
25154
16508
27161
25275
11231
32814
17605
33544
24582
21624
6770
36081
26352
26706
23523
30485
11671
25085
34139
16357
24272
34758
8917
12124
9447
16160
1306
23031
39561
29378
16322
25651
8223
16292
35908
12655
19574
3283
22909
29244
10668
30828
26686
26886
19610
17629
25286
19314
2645
24495
18315
15012
35189
12595
3986
30786
22743
22576
21994
37419
31804
1314
25090
4660
5851
27811
37835
16376
9020
32962
23346
8309
20698
25660
19670
27809
18187
16399
8285
35728
23566
1285
11444
18726
25715
15868
33415
19521
10578
32340
24211
9394
32674
12299
15213
15094
8195
7031
23219
18391
4279
29098
26809
29935
9794
27275
3595
9771
25937
9677
2980
35355
2742
27296
36344
28353
34463
22571
6067
32451
20499
1680
19258
10798
29579
1820
5937
14624
37897
7879
2309
5492
18006
33603
10627
23065
6087
34431
31965
36243
30453
23591
39401
2406
11549
36428
35501
33760
16517
9218
5570
39178
9594
2720
16940
21844
13318
3780
20810
25526
11364
25608
16115
34080
16257
23298
13256
9157
11492
35920
18840
2317
109
6520
17620
29694
15984
27042
25034
19293
12297
8795
3931
13952
4123
37338
20006
24585
23461
34087
20464
22170
28287
37417
35219
5286
39331
29936
31515
31701
16960
4667
2659
30779
1142
31651
4648
30181
39306
29672
27461
1709
8163
10518
38808
38338
37620
15829
12783
3091
9086
27701
16889
2440
39544
1047
30064
13499
25330
2966
29947
17633
15370
8335
29420
26797
39421
32004
39803
5571
1249
3684
30702
37978
35009
13478
5940
13146
23753
30324
8594
11698
13546
25528
4057
15335
18846
32956
32703
36477
876
2065
9435
34290
557
33244
21252
38262
22195
35185
13720
8794
10715
15587
38510
3803
1568
13070
21184
38416
17969
814
23406
11601
13142
4386
17651
28411
1813
8693
17761
7214
14307
37166
38110
8674
13320
324
9995
13772
11445
24660
38682
30784
24554
32378
2954
31918
13286
27713
14049
14536
10115
39815
932
2850
31171
15581
6270
235
28581
10276
14841
2969
24421
19275
34013
32475
20747
37953
15188
32655
31389
37377
20015
16011
34582
16042
2502
499
2312
28563
13936
22441
33408
16823
26604
36775
39749
9010
34860
9378
19134
32627
39281
12037
29760
17067
33818
38183
22997
36470
34402
2704
38640
10164
11658
35688
26043
29542
3102
34092
26881
18600
20479
3741
36552
2367
39771
12609
32635
4445
16494
19010
29529
35106
7928
27964
16774
39760
5034
4137
24556
2535
9967
5983
14109
26013
17148
18188
9334
17342
30430
26289
34358
6208
39713
4378
31662
14805
20950
1379
9554
3013
30131
16121
36712
9827
27225
13173
33280
19968
39320
18223
39272
3001
24196
17572
28973
31926
2299
23542
8824
28518
25885
22257
11461
2087
4845
1521
26833
341
19868
7795
19144
18898
32590
38634
30772
38354
20087
12637
10766
2719
9390
29739
16057
28365
24893
27165
24018
26645
33379
7109
8768
5403
2292
13721
25194
15218
1981
333
35584
31096
17492
15161
31166
23768
33583
17839
18601
2965
31931
14040
18314
994
34825
34165
24517
3781
13399
36277
13676
37174
6967
18131
8640
28980
32482
27770
7420
29427
38276
35465
20860
31360
31998
19446
12694
37088
22351
31448
31134
16771
17179
34016
23075
38260
33267
22792
20233
8130
17547
33873
33890
20961
33121
22564
18897
4731
39480
20121
9262
39525
37587
1433
406
9714
25767
5551
18030
1576
1729
1774
16409
2569
3922
15641
28951
13431
20356
17261
6402
1682
21302
9882
6937
10692
1793
15788
36542
21504
3393
26271
15091
11688
28348
18483
28589
20535
17990
8178
9596
13139
18068
28285
32943
33738
4557
35418
14806
10401
33028
21286
21943
34401
8664
29027
39176
21371
20408
39142
6316
10081
36584
6614
1028
24665
23554
2015
21542
11695
29293
23400
21767
37265
37324
6276
7236
17818
20204
39087
19465
26498
34133
5982
22480
25010
17708
35387
34146
6465
13126
7261
36506
32425
13946
18471
25643
3450
38437
39799
15495
36970
25353
4540
26500
1590
30223
27250
14276
10118
27623
17421
6288
25580
31655
2416
28570
15440
2779
16331
31277
9431
36369
23486
29786
16696
14695
15530
14257
13740
19729
29016
21340
39807
11017
2993
18771
23748
5854
20924
14485
14598
39616
481
4367
6055
22758
36082
25361
20237
31916
25747
13611
12368
11572
33522
6389
5296
37356
23096
37685
16461
34171
28292
33558
10303
2964
11057
30542
39225
15502
3041
33013
22972
35203
35742
37598
26665
18883
34177
10257
2681
10259
27346
5901
37481
29220
33131
2854
3395
16749
27903
4770
26436
3565
2035
22646
6351
23304
20549
18249
13251
19536
1541
10253
35964
32104
29239
15878
33565
30510
12119
14895
14563
38778
35747
31297
3886
6088
13898
27368
16468
10074
2497
29417
18003
34320
36977
5465
34509
26777
1659
24082
38089
10262
24720
7952
28339
30678
14372
33189
14858
38218
4079
25674
6128
38864
5348
9984
19655
3907
23571
35517
2089
4955
16490
11875
8837
2846
16214
14404
37693
16871
15893
31700
7998
33993
15219
9219
35129
13055
22182
7954
36160
20821
2290
23786
19527
14888
37655
19883
13528
14682
30107
4292
21857
1213
7678
16263
11539
13360
23084
8828
32463
14365
7577
24265
37905
36219
18917
9710
23994
20367
12269
37328
26402
10499
32063
9094
29141
17639
39586
38495
13025
17878
5994
1708
35734
36901
9485
11704
13080
28364
34557
16616
8418
28069
32253
2024
2067
3732
32018
22971
14381
6238
5511
34456
39352
19325
31717
18277
32734
15825
17058
36333
8751
743
8277
35476
39533
38768
1480
30928
32189
13933
6829
10771
19345
1573
27267
35456
31233
17720
6789
23289
29334
35173
17319
1882
16586
38837
4943
31640
22789
21787
26204
13302
29433
4353
16806
251
3827
34026
19216
23848
27545
25260
16766
23471
30971
4758
21790
38650
3706
37642
37994
30254
32681
25084
31649
30920
8158
19564
1975
369
25483
12804
6548
21188
14842
26756
6846
24709
32951
34773
8560
9954
27802
13645
14480
9675
37758
11103
25635
25743
27210
5785
4979
32959
52
15262
374
9112
26612
2944
11838
11283
22329
9904
26876
7414
1779
4851
21896
30580
35484
3076
14631
5867
10936
27256
21187
4074
26824
15601
15148
22714
16431
4847
9129
28327
13817
26502
38614
3851
590
22054
30687
28653
2274
9119
22654
29828
37076
5837
13859
18712
16739
27221
23310
6382
1993
5089
21665
719
18996
28903
10299
29576
19776
2476
3752
25639
6134
9909
10450
14376
27335
26419
28722
14478
22676
8129
456
28153
35500
9928
27468
11780
36722
11753
8702
11030
4776
16651
34318
20618
27790
23677
9457
36687
5468
10364
27417
38553
35647
319
34936
12346
30903
23337
9923
35478
25594
30634
13704
10443
12704
36397
31637
3456
6540
16152
9574
5868
27449
9625
17318
18002
22983
10894
16027
39687
17556
30267
23039
25449
39617
24842
36389
14072
14303
28584
5547
29991
7201
6370
11459
10351
6957
34089
38616
37970
31889
20437
10812
19706
22808
24404
31551
25521
21090
9531
15937
35513
25100
10624
6255
5243
8593
31892
18684
31412
5564
4799
24248
8526
29493
30288
27743
31286
24993
10310
27088
1874
7561
26250
16880
25360
28251
9187
33116
11464
35306
29477
31210
11295
17867
11813
18209
21319
35648
25588
23001
18513
38393
9558
26773
23963
1802
26735
15054
10002
33518
37761
23816
3917
34475
39309
11428
31632
2509
26508
28876
35845
26410
22069
27037
4322
245
5714
3195
30651
25901
38907
23392
5657
8400
5942
19087
33019
27945
23919
31229
20598
36026
36600
8584
28470
28940
154
21024
12074
26014
17256
14555
21537
20963
30642
7100
10702
16800
39296
18351
8940
23133
37536
32679
26282
17447
26975
22497
577
23189
23282
13655
8765
19675
27926
9401
14028
6494
1324
7497
21387
36548
4934
38031
23430
38561
5342
27072
28303
22220
28766
32371
8068
35349
18882
20335
21663
11779
7216
32931
1868
8369
5059
12584
37934
6064
13624
342
10365
36234
24766
11092
14207
6822
190
10278
38681
7020
5773
18681
14042
16656
3975
4381
15399
22946
19737
39337
1441
18905
5834
5893
27172
39670
25434
11637
12768
5743
35830
34314
281
3056
36753
2882
714
36435
20182
12042
3021
32937
24620
38388
12882
7937
21704
30458
6563
4374
32823
38728
18417
25994
26576
10870
36156
32568
4470
32586
3256
20068
33887
29751
17923
14486
33850
2267
37778
19627
31384
21752
28975
37976
11430
1364
23109
34039
24072
4201
23910
21226
26738
35560
20844
19896
3310
25495
7177
1712
30470
33876
5216
29627
4255
19494
19707
1698
6039
7976
36878
14943
28856
35980
26326
22809
2662
34506
8170
11240
9754
32724
34897
24571
5522
39913
33318
6887
4634
38268
27684
32900
36438
27778
9265
57
18857
22966
17754
2836
36635
995
22702
36410
25246
38874
28559
29704
26276
19586
8907
7939
1605
4221
23404
30855
3366
14577
37086
14731
25558
11679
10718
36021
21976
33766
34760
25106
30264
19754
33356
35542
38090
20231
675
31058
7596
6579
10722
8624
27357
27319
12630
37476
8759
31433
31856
37540
23681
7957
561
34483
2348
1474
5791
2922
5504
16465
26963
29398
34444
1300
9697
5683
25852
4406
35325
17559
19822
32107
8792
28776
18009
9534
38549
17413
21145
27018
29779
23093
2822
33863
12071
16614
29093
8630
35889
21778
26200
4535
30638
37725
27703
5999
24046
8649
21456
19635
885
9029
13430
19795
22259
35652
31399
13867
1224
14529
38686
11928
9495
19382
23991
2197
10119
1991
25848
18698
3988
12450
10969
7510
25973
37196
11647
10187
21774
28379
38802
19136
20947
7931
8758
23610
37398
23706
30609
31963
16193
25013
10849
9730
24516
15839
37105
37525
321
24130
16867
28751
18237
4253
23860
13260
18807
22231
29306
13561
36774
10659
16882
39080
14039
36127
25842
22007
35057
8539
21117
15031
6922
2437
23081
29981
22458
39285
132
14581
2361
24861
39150
19976
9124
20746
4466
19195
10266
15686
4976
9109
8258
21848
7784
37880
35808
2013
22888
32127
19455
5521
4857
2792
17201
18534
39418
27858
13128
21376
8318
39746
30034
14165
28213
11580
38019
8408
14696
30333
9023
7025
8437
37047
22402
10122
28529
4795
35533
26520
15204
6774
11537
8845
28226
5931
16107
33828
10647
11070
18590
14641
8886
35744
15605
3026
38101
1184
11667
17979
28932
31661
20688
12139
39410
34803
8588
36252
11289
27613
30904
27930
7942
24139
9026
22622
20263
27517
23032
10435
25971
23481
31732
39776
29731
10255
33129
22952
21391
3343
17711
39071
18981
21412
38047
31053
20269
32421
36521
38483
21810
6560
5554
30764
36822
37856
31833
18832
31782
29810
30656
28233
33709
33975
25337
21449
300
31471
20177
7479
10799
21214
10423
16202
14712
19388
15401
6531
32172
4071
24734
36359
26928
25822
13181
27867
36589
20899
22326
7582
16760
32176
39137
36183
35722
3583
7462
22981
6031
14264
2929
12691
35779
35132
28650
27535
38805
19041
17522
32051
28953
36752
32495
17710
15424
36705
2652
17998
4936
13313
30919
24449
31838
37478
17586
38009
99
22378
13182
38621
14558
23234
34730
12894
37291
2334
29967
32358
30163
37890
32626
35390
28321
29283
23492
30140
34848
11686
29393
15861
37044
10189
39491
15408
29078
7587
1256
21876
16320
892
38477
16359
37828
31854
11631
20153
31095
35550
31554
6997
33414
18632
8520
36756
25291
9455
6532
35818
15419
346
27405
11468
4294
35886
3192
23702
15890
11250
6564
27282
2927
1777
6089
1033
23711
7597
14939
12218
7563
5875
13106
4809
7850
20041
15865
21751
9985
22384
20711
2675
12060
23909
29185
22599
1496
21149
39838
2917
27760
18769
34743
29638
29321
37191
24420
20500
2084
15210
26069
21073
34739
15212
26039
10341
27944
12237
36114
10809
35679
27001
18321
6801
36313
29233
15565
11862
30732
10642
7022
38499
14785
35053
30308
38711
11483
30681
27668
1748
29292
18910
33452
2852
21067
27145
8665
7694
12249
39343
38332
33097
11665
12991
2253
39170
17848
36823
178
453
6963
33066
4687
581
33556
22065
37829
17216
22821
26923
20421
19484
22438
16418
26418
38301
36007
4947
19518
29824
29661
5303
20574
27823
21938
3433
18221
36897
33783
7726
38445
