1438
639
3826
2008
3510
2499
2226
1124
3591
2924
3368
585
1579
668
3730
3455
3138
3731
3540
2810
3336
2123
2492
3620
785
3456
418
100
3492
2480
3213
3440
3704
2541
1688
2644
2496
2615
1894
1325
755
3204
216
764
1409
3060
3506
3879
2010
512
1424
3859
3603
229
3002
3652
1434
2092
3233
370
1901
456
1717
2303
3047
3042
2918
798
2746
425
1772
318
3145
1939
2859
1468
2772
3927
2844
1099
1610
1313
1544
3936
954
725
2490
1652
1427
1111
2915
1343
2295
695
1535
1200
3715
64
2745
1446
464
829
3865
3937
830
1239
2988
1704
1489
3304
1850
529
3891
782
379
1748
2299
2037
3282
382
2360
2003
296
969
3488
3750
1816
3346
2707
2852
555
1617
3186
1553
2359
39
539
2222
3781
2559
1250
1342
3267
955
2322
3766
2944
88
51
1952
3914
3115
332
1164
1390
3866
3022
1916
200
3964
2128
3904
1326
2809
2162
81
2476
60
220
485
3496
309
3293
1868
2925
426
2717
154
1983
1996
3134
3656
3141
2959
1826
1327
972
2719
3673
312
2500
947
3338
3785
3587
2349
2675
576
1070
3316
191
3011
1870
1953
1254
2368
1299
2163
2726
2494
1522
1373
3931
54
1763
1788
27
2042
2165
3190
1559
1823
3827
1096
3885
111
3971
110
1500
3595
3056
2472
2598
3435
3321
358
3244
3640
2930
3192
3126
2132
2767
599
245
3035
3421
1226
2243
690
1051
190
1185
1556
543
3655
2540
225
1574
2928
1460
3813
520
934
1808
2211
2750
2825
2186
3153
1433
412
659
1219
3966
1465
1358
3981
1458
3091
3776
3558
2910
744
2437
3109
1497
2375
3529
492
2713
2955
978
3915
748
123
984
1650
3175
2578
3794
1647
1792
1002
3157
2685
2148
1786
101
1979
1845
814
1548
3563
1251
1618
2536
3616
3379
1159
3264
2151
2579
2236
1027
2507
2822
268
3167
1043
1703
2027
1676
924
3107
1516
3120
2798
1402
3939
3858
2238
1049
611
3598
1480
217
2346
554
1690
2240
3980
118
1924
2787
2180
267
3686
958
1211
1403
3709
1914
760
3923
731
3390
1960
2282
1700
3290
1689
679
3719
1642
2137
3029
621
3689
2246
2343
2234
564
1738
3082
3238
3783
1765
3664
3147
385
3313
1399
1614
917
1310
1475
2100
3672
3537
2183
1608
1836
776
408
3438
2051
3199
466
1530
2881
317
3930
2611
2608
3105
1131
48
13
2553
3397
3838
1300
1981
3032
2394
2310
2257
3650
2328
3770
338
2680
3003
2126
1303
2891
3902
1512
667
3699
1054
2510
2565
1637
3862
2481
438
634
219
591
1946
3058
1669
2324
1800
3636
2814
2170
1961
3739
1018
716
2517
246
2515
2075
1620
3581
1408
420
3553
2199
3665
953
2474
169
3798
2418
987
234
2801
887
2654
1139
180
206
2078
3778
3532
509
3197
3588
1034
1760
3975
1068
2323
2882
1509
2777
3747
789
975
415
1076
3292
2498
357
3357
204
413
1431
1791
3463
3012
3464
3871
3322
811
480
3103
1042
120
2277
2139
1938
3010
3907
1668
2462
2362
2118
2941
3834
176
2087
2459
1180
2636
1846
2453
1395
107
3124
41
2039
3376
2898
2041
1970
3712
3194
1807
3874
1129
2141
1854
686
1975
3025
1085
3289
704
2143
475
1178
3585
439
2161
2124
801
2444
1654
2423
3567
1585
1848
1166
2391
2658
1719
3745
3756
714
2684
2463
1193
3565
293
3560
3486
452
2504
1784
2645
2818
2702
2890
1661
1937
698
2655
3804
3499
3166
3273
1491
2816
1107
1754
3717
3857
250
1895
3596
366
3653
710
1114
1649
2229
2239
3208
2032
3080
1841
3654
677
351
185
1806
3592
846
1982
3884
280
1322
1006
3780
0
1083
2308
1316
997
99
2377
2022
241
878
2943
2
25
2976
1347
3513
1423
1344
401
1820
1716
2023
2987
1220
1918
3906
631
2833
1355
3360
2404
3198
2979
3586
1761
2732
1377
2966
3009
2107
2560
2929
1835
3850
1612
2946
3425
350
761
1999
1566
3159
559
155
1123
3261
2482
626
2919
3276
977
498
1080
112
3283
671
3657
1437
1980
2138
1889
35
3235
1659
3191
1349
1141
1227
1177
1082
2768
1572
1486
1362
1804
3675
674
3690
656
1145
936
1926
83
1627
2572
3882
1073
2953
2920
2528
1814
739
706
299
3460
2712
2281
1189
2799
1874
3234
2569
417
3143
1822
503
2506
2864
1224
2065
566
1331
1581
3320
2366
3732
3041
930
158
1638
3509
3482
1065
1267
437
2135
1568
1032
771
1416
1116
545
3169
2196
3364
3334
2518
988
3245
1050
1453
3295
1737
3296
2057
3262
1090
1871
1545
2642
2922
3250
1931
2580
224
1323
3063
2980
3668
1496
1253
2156
2648
2709
697
1046
1656
135
719
1756
2643
3893
558
2358
3815
1565
3661
1942
2805
2067
2314
3584
3442
1264
1729
1847
2074
1802
153
2131
2283
3388
1789
586
2791
1825
365
189
2986
682
3457
1736
1949
239
3196
79
3219
1778
3236
2794
3323
3921
3428
45
3412
1622
3484
1238
1936
1026
1696
2430
3631
2152
2743
3883
515
2068
1715
950
2171
774
646
1693
3888
897
1691
325
2112
3805
1941
3546
602
2600
2861
625
1543
1278
3052
791
2880
3218
3626
666
1169
3669
2464
3149
1212
881
1029
3168
1917
3811
3358
3352
640
1991
2044
1780
577
2250
2381
3241
2235
342
3285
1972
579
2893
278
2285
1851
3625
1636
3771
3897
2147
3889
1678
1140
2604
2084
482
2261
965
2105
597
1746
3916
3369
1229
892
2826
304
3427
1351
1473
1852
2101
2456
1258
3206
3171
1098
635
1311
3349
3740
3714
71
2275
1088
90
396
2033
884
2468
3182
968
258
3774
3818
2555
618
645
421
3133
3319
3614
2056
2646
2567
1967
10
2671
3913
517
2902
880
